Frame,GLN2_chi1,ILE3_chi1,THR4_chi1,LEU5_chi1,TRP6_chi1,GLN7_chi1,ARG8_chi1
1,175.1022,-86.3799,45.3199,-72.3856,-54.7326,-56.7527,-67.2774
2,178.3205,-69.0732,69.7116,-49.9914,-45.7583,-53.3729,-72.5376
3,-175.7467,-69.4116,54.4883,-57.9168,-46.4760,-61.7057,-75.4219
4,-166.7504,-76.5858,48.3692,-70.9463,-52.0387,-55.2260,-65.2599
5,-171.7804,-64.3631,66.2560,-55.2475,-61.4866,-64.1619,-62.1638
6,167.0829,-42.6363,38.2149,-71.7865,-53.8062,-82.2553,-59.8158
7,-174.6462,-47.9707,43.0973,-60.6141,-45.2067,-58.4203,-72.9988
8,-177.4660,-52.6513,45.3324,-55.9021,-41.0653,-56.7143,-64.3629
9,176.2711,-67.9876,46.9246,-59.6956,-62.4542,-60.0682,-74.2202
10,-171.0057,-70.3312,43.2047,-61.0626,-47.5929,-57.7388,-71.8206
11,179.2205,-58.3800,45.8068,-64.3933,-52.1997,-37.1885,-63.5292
12,-177.7925,-55.7632,52.2761,-65.9308,-45.3191,-58.4279,-61.7020
13,172.6296,-55.8861,40.5390,-76.5820,-42.8823,-62.6805,-83.2022
14,-169.3270,-57.6724,55.6312,-70.7891,-32.9458,-57.1989,-71.6645
15,-169.7483,-70.0313,40.6020,-75.1153,-46.2287,-80.1342,-79.0298
16,179.3869,-74.6401,47.0965,-64.8975,-42.5604,-67.0880,-76.8712
17,175.3675,-75.2473,49.9612,-82.7330,-46.3932,-58.4496,-79.4152
18,174.4183,-67.9799,41.5629,-61.7050,-56.4934,-54.7045,-90.6851
19,-158.9212,-47.6188,47.9252,-60.2165,-44.0590,-49.7794,-72.0154
20,-178.2175,-55.1510,40.6075,-62.5525,-41.7919,-72.5367,-68.9034
21,176.7342,-59.8079,56.5148,-76.0860,-37.5014,-58.8772,-71.5869
22,-170.9113,-70.4372,77.4745,-72.4918,-61.2544,-59.3980,-88.4894
23,176.9830,-75.5287,65.9923,-63.7491,-52.8931,-75.9537,-68.9706
24,178.1260,-70.3768,63.0176,-73.5953,-32.3666,-56.8846,-74.4833
25,-174.3448,-46.6071,48.0498,-83.7812,-46.7096,-63.4222,-86.1318
26,-178.1701,-32.5870,47.8548,-74.0501,-77.2384,-55.7254,-97.6482
27,173.0961,-44.1387,52.9743,-77.9733,-43.1892,-62.6804,-87.0339
28,-163.2273,-54.2200,70.3389,-69.3798,-40.3832,-64.0780,-65.6418
29,-172.6213,-53.9089,71.8915,-73.6813,-59.1513,-68.7438,-82.7184
30,-177.2882,-61.6271,62.0013,-75.7270,-33.4536,-72.8470,-53.9251
31,-176.9330,-60.3975,67.2719,-75.6000,-65.2938,-68.5072,-74.5666
32,-171.1743,-61.5361,56.2194,-66.8431,-48.9878,-58.9321,-83.0905
33,-153.9066,-62.4393,63.8496,-57.6271,-47.3306,-45.7683,-85.4874
34,-177.3182,-56.9081,59.6411,-59.8306,-51.2716,-43.9049,-80.3097
35,178.4446,-53.8629,50.1157,-53.5726,-64.6902,-56.8300,-80.7534
36,-174.2322,-60.8907,58.7214,-60.8107,-48.4697,-57.1196,-69.8755
37,157.7884,-57.9404,45.6879,-71.2015,-49.2153,-60.4817,-78.1317
38,-179.2588,-49.0824,72.3920,-61.1459,-51.0599,-62.2486,-66.5459
39,164.9379,-61.5734,47.2914,-69.9919,-56.4603,-49.1856,-70.2532
40,164.1332,-54.1836,64.6543,-76.0008,-59.0991,-54.5714,-69.5845
41,175.7022,-51.8844,66.4114,-78.6964,-55.8151,-69.0599,-89.6413
42,178.4954,-55.9670,70.7571,-51.9857,-65.4762,-47.7655,-86.2930
43,-172.8826,-56.3440,70.4916,-74.5987,-37.4963,-62.4382,-88.1008
44,176.3177,-50.9497,56.7095,-58.5128,-51.1014,-49.6567,-77.3355
45,-161.2823,-70.7749,61.7348,-65.7616,-49.3181,-60.9447,-69.8926
46,170.2781,-62.9150,84.2299,-67.6081,-38.4203,-75.5935,-54.9920
47,-172.9179,-69.8380,78.2710,-72.9805,-43.2162,-65.5487,-59.0205
48,-173.7938,-78.3966,65.5290,-75.1215,-51.8733,-64.1533,-76.4866
49,-177.9290,-79.5169,76.6814,-51.6481,-60.5583,-41.9654,-69.2233
50,-143.1296,-59.2068,57.5463,-72.0625,-67.2639,-65.4711,-62.9660
51,-174.2082,-64.8666,62.3012,-79.9505,-41.0737,-63.4423,-76.6456
52,-164.9425,-59.6552,69.9014,-65.9865,-40.8472,-65.6596,-69.8103
53,170.8036,-66.2402,61.0450,-64.6321,-69.2415,-53.1641,-73.9213
54,172.1020,-57.1423,53.5607,-69.0434,-76.6176,-61.9104,-59.0405
55,-171.9332,-59.6476,41.7162,-62.8183,-76.7396,-72.2444,-69.5846
56,160.4037,-65.0009,49.0415,-62.3342,-79.0685,-62.9207,-57.4108
57,160.5606,-50.7946,50.2963,-64.3370,-62.2606,-72.4903,-62.9951
58,-162.8750,-62.6964,38.9722,-67.8534,-78.2667,-48.2081,-75.6271
59,178.8879,-48.1103,46.4880,-68.3030,-71.2548,-35.5759,-70.0584
60,-171.2378,-56.0739,46.4966,-58.7420,-78.6020,-51.3435,-61.4763
61,179.2046,-53.0558,51.2988,-71.7036,-68.5213,-63.6804,-65.4486
62,-169.8795,-74.5835,57.1055,-69.5892,-77.8356,-44.1589,-80.8765
63,171.1508,-76.4008,49.6845,-78.6903,-77.4141,-62.6263,-59.5363
64,175.4171,-94.2825,49.4766,-69.3939,-73.3313,-51.7777,-52.7929
65,-173.0093,-76.7189,43.5046,-60.7075,-66.8028,-58.5602,-65.4246
66,-178.0023,-78.3344,74.8916,-61.6063,-42.4581,-65.1923,-86.5513
67,-173.7458,-71.1978,57.4559,-64.6677,-46.1356,-54.9903,-68.0017
68,179.7611,-69.0738,52.6818,-64.7387,-46.0575,-60.4732,-66.4847
69,174.3768,-65.2971,52.1021,-78.5504,-49.5944,-72.5337,-95.6868
70,156.2654,-59.3085,50.9237,-69.7054,-49.2655,-52.3439,-87.7207
71,166.0675,-70.1804,49.8671,-64.6954,-51.9316,-69.1809,167.3509
72,-176.2510,-75.0852,57.9282,-69.8928,-26.1775,-60.2163,-175.5380
73,-172.5066,-57.6421,60.9366,-79.1126,-40.7127,-57.6419,170.1109
74,174.4585,-70.2506,46.6316,-62.2571,-50.3245,-36.4967,-172.5772
75,168.3142,-71.1119,50.8682,-62.2610,-44.6947,-60.9819,178.4793
76,-179.8825,-70.8040,58.5215,-71.6725,-45.3862,-42.2643,179.4538
77,169.3277,-52.4090,37.9036,-70.5361,-45.7914,-72.6760,-169.9712
78,165.2168,-60.0412,45.2474,-59.7495,-40.5764,-49.3954,-174.4364
79,176.2423,-82.6558,49.8296,-85.2107,-48.0512,-43.5506,178.9958
80,-176.3083,-41.5773,75.3874,-77.5169,-57.9150,-59.7438,175.5126
81,-179.6500,-42.1867,78.8253,-52.6075,-46.8847,-53.5317,-172.7827
82,179.1150,-72.5010,67.6015,-69.1875,-48.6741,-55.9180,172.3779
83,165.5818,-62.8729,64.8263,-58.3652,-46.5995,-49.7122,-172.1002
84,-171.6250,-52.4505,68.7659,-73.7473,-34.7158,-58.1532,-164.6995
85,171.9672,-63.9334,63.5209,-67.1173,-50.7116,-36.1939,-171.0949
86,153.3768,-65.8648,61.6364,-71.0403,-39.6555,-47.6044,-161.9734
87,160.3026,-73.0063,58.0619,-65.2112,-52.5687,-62.9634,-150.1746
88,179.0057,-67.8483,55.3001,-50.0536,-45.8568,-62.4370,-162.1042
89,176.8768,-72.0094,41.2149,-66.6746,-46.8314,-66.0250,-167.5456
90,172.0959,-82.6313,61.3603,-75.5503,-44.6921,-50.3082,-178.6114
91,-176.2008,-58.6594,55.5605,-59.4168,-59.9471,-51.0543,-175.0511
92,-175.2451,-57.4605,65.0890,-69.6299,-60.7779,-71.5036,179.8331
93,176.2572,-51.2480,55.1801,-66.8615,-53.1809,-64.0865,-165.9799
94,177.7340,-55.5536,59.2035,-72.5831,-38.4774,-65.9458,-175.8908
95,178.3690,-69.0537,60.1742,-78.1333,-50.9847,-80.1253,-152.9738
96,-168.1351,-79.5129,68.9954,-71.1069,-51.0452,-66.1555,-160.6686
97,174.3792,-71.6934,60.3564,-78.0002,-50.4456,-64.9867,179.3833
98,174.5764,-59.0632,63.5418,-54.7218,-50.5124,-46.5280,-159.0700
99,179.1999,-48.8354,48.7494,-63.8013,-36.1023,-57.2979,-148.7738
100,173.7003,-70.2100,41.2066,-62.0487,-41.4949,-73.0721,-164.8799
ref,177.8066,-63.7002,59.1661,-68.4570,-71.9266,-77.1306,-73.0211
