Frame,GLN2_chi2,ILE3_chi2,THR4_chi2,LEU5_chi2,TRP6_chi2,GLN7_chi2,ARG8_chi2
1,169.7372,-81.5352,Nan,-52.2433,-4.2480,-76.5881,167.6648
2,152.3484,-84.4323,Nan,-55.3442,-11.3051,-63.4860,-178.1463
3,168.6133,-93.5435,Nan,-56.8753,-5.9362,-49.0810,163.5759
4,165.4703,-86.4746,Nan,-42.2924,-8.7826,-80.6933,-170.4779
5,169.6773,-101.7469,Nan,-45.0167,-8.7487,-71.8862,-159.0049
6,173.8873,-137.7861,Nan,-39.5479,-14.2101,-49.6321,-174.9273
7,154.0516,-114.3327,Nan,-51.6026,-6.2083,-55.2987,-172.3384
8,163.0337,-94.5379,Nan,-41.9724,-12.4555,-60.5629,-160.7212
9,167.0816,-97.8851,Nan,-48.2376,4.0024,-50.2908,-169.9821
10,153.1845,-91.4475,Nan,-49.4870,-28.5548,-71.6658,176.1324
11,160.7039,-97.4612,Nan,-35.2552,-8.6371,-56.1420,-155.9623
12,161.5457,-102.3907,Nan,-59.7554,-22.8773,-57.6639,-178.1869
13,-177.3227,-103.8161,Nan,-50.9105,-21.3795,-83.6597,-166.7663
14,169.0779,-108.2905,Nan,-46.1580,-29.2039,-66.3539,-159.4978
15,167.7679,-103.1672,Nan,-59.3898,-11.6656,-96.1904,-171.6156
16,174.5750,-89.0555,Nan,-57.1507,-35.3863,-55.2461,-167.8916
17,163.4409,-91.7498,Nan,-64.4663,-13.7832,-73.8415,168.0251
18,-172.9023,-97.8926,Nan,-39.5256,-18.3979,-64.4890,-177.4799
19,160.3440,-118.7881,Nan,-46.9743,-23.7532,-67.9424,-154.4631
20,151.4851,-104.7316,Nan,-58.4406,-35.4915,-64.9604,-179.3030
21,168.2219,-102.0938,Nan,-35.7711,-39.1580,-84.5109,-169.7864
22,161.4862,-94.7893,Nan,-37.0206,9.5441,-69.6917,-173.6593
23,177.4523,-103.0752,Nan,-43.2301,-21.8850,-50.6317,-158.1578
24,174.8068,-89.9552,Nan,-50.3990,-21.3838,-61.4392,-175.6338
25,170.8068,-134.5466,Nan,-42.3582,-24.3717,-68.9044,176.3415
26,149.3249,-124.3415,Nan,-37.5032,-5.0753,-62.4257,-153.2146
27,158.5853,-120.0578,Nan,-36.8630,-29.8619,-59.3713,-67.7639
28,155.2248,-117.0031,Nan,-55.0641,-21.9872,-53.7524,-170.1616
29,146.7741,-111.1600,Nan,-54.1748,-1.4792,-69.0816,-178.6842
30,-175.0620,-105.9046,Nan,-33.0464,-43.2960,-64.1251,-159.6934
31,154.8866,-107.4146,Nan,-50.4706,13.8982,-74.8880,-173.8208
32,168.1006,-93.0953,Nan,-46.3921,-15.7414,-62.7058,-174.2083
33,158.8833,-112.1627,Nan,-50.2016,-19.7503,-77.1172,158.9755
34,170.9089,-106.3768,Nan,-34.0607,4.0286,-92.1536,-175.4291
35,170.3288,-117.1127,Nan,-57.5645,19.4461,-68.1621,174.2549
36,176.0858,-99.1143,Nan,-34.4640,-32.2537,-60.5302,-179.8944
37,159.4492,-118.1506,Nan,-50.9396,-20.9835,-60.4614,174.6588
38,166.0740,-122.2732,Nan,-47.9104,-0.9185,-54.0630,175.0935
39,-167.1667,-118.2019,Nan,-46.6049,-18.7967,-67.8631,178.5917
40,-176.3140,-118.6323,Nan,-34.6896,-32.3822,-66.4550,-179.9866
41,171.1978,-127.2631,Nan,-51.5195,-7.9095,-63.9111,-178.7408
42,165.9711,-124.9246,Nan,-61.4756,-3.3386,-66.0493,171.3397
43,-159.0376,-113.2646,Nan,-50.1682,-32.0214,-65.4118,-171.4172
44,-144.6896,-113.5163,Nan,-38.2054,-18.6155,-64.2551,-153.3824
45,-163.2631,-101.7059,Nan,-62.4320,-23.8686,-79.7467,172.2740
46,174.0174,-122.4437,Nan,-44.9409,-66.6107,-57.4043,173.0023
47,159.1068,-106.5823,Nan,-46.3957,-14.9148,-44.3521,174.2720
48,158.5368,-99.7577,Nan,-49.1885,-7.8270,-60.7871,166.5904
49,166.6606,-92.7671,Nan,-35.4182,17.7577,-64.2416,174.3933
50,177.7160,-104.0437,Nan,-42.3158,4.4877,-68.8168,-177.8778
51,157.2318,-102.3970,Nan,-39.6516,-57.9917,-70.1468,-171.6541
52,-170.4002,-106.8177,Nan,-46.2803,-19.5915,-80.3681,-179.8821
53,-167.2930,-99.2488,Nan,-42.2062,-39.0952,-65.0083,-175.7801
54,171.7412,-110.6369,Nan,-57.3240,-61.8872,-67.3918,-162.5873
55,171.4928,-106.8856,Nan,-52.3983,-73.5067,-80.3778,-157.8502
56,163.2198,-103.7017,Nan,-45.9628,-62.3850,-79.6028,-179.2392
57,153.7633,-106.3532,Nan,-49.9741,-76.5160,-45.9434,-173.5343
58,156.9063,-126.3642,Nan,-49.8297,-76.7461,-62.0349,-160.9579
59,164.7367,-125.0102,Nan,-40.1866,-80.5076,-64.5962,177.8028
60,156.3787,-112.9889,Nan,-52.1636,-59.2649,-61.3040,172.3054
61,174.2771,-112.5362,Nan,-47.1949,-48.0124,-59.2178,-168.3224
62,-168.9580,-104.4287,Nan,-61.3226,-60.1523,-63.8988,160.6618
63,-170.9564,-97.6529,Nan,-36.3327,-79.3963,-48.1466,171.3655
64,159.5834,-80.5516,Nan,-39.9490,-66.3406,-78.8327,-174.4095
65,170.9603,-84.5924,Nan,-61.4161,-64.6080,-58.9107,174.5870
66,173.5863,-91.9364,Nan,-46.1776,-36.7770,-83.1320,-175.3993
67,158.6871,-97.7245,Nan,-63.6909,1.4688,-70.8254,-165.3615
68,173.8979,-106.1211,Nan,-52.0473,-18.0845,-66.4091,-172.3452
69,-163.5468,-113.5552,Nan,-37.4724,-18.5678,-51.7291,156.1964
70,161.1054,-102.9410,Nan,-50.2847,-8.1707,-76.5544,-158.1097
71,172.1150,-101.4994,Nan,-42.6241,-21.4169,-75.6164,-165.6583
72,143.0809,-94.7011,Nan,-37.5670,-23.6781,-68.2443,165.1173
73,162.0088,-90.1151,Nan,-41.9611,-9.0947,-52.3862,174.4807
74,151.6110,-95.0388,Nan,-46.3212,-17.5331,-39.3044,-178.7398
75,153.2552,-102.2853,Nan,-41.7857,-18.4426,-52.8339,165.1840
76,-164.4456,-99.0525,Nan,-32.2575,-9.9195,-55.9295,165.0761
77,-143.5464,-96.7024,Nan,-47.1616,-17.2451,-63.8529,166.3675
78,165.3851,-102.4609,Nan,-51.2000,-22.0534,-75.2037,173.0366
79,147.4107,-94.0870,Nan,-37.3595,-19.6363,-89.7008,170.9917
80,151.5450,-120.6435,Nan,-53.1473,-1.7821,-49.2566,175.9885
81,166.0779,-129.8544,Nan,-43.7098,-31.8015,-72.5604,165.6184
82,170.8785,-97.6971,Nan,-44.2987,-19.8338,-52.2332,162.8735
83,153.0633,-101.4522,Nan,-65.7444,-14.6505,-70.2570,167.1210
84,169.8598,-107.2355,Nan,-27.9536,-19.8317,-62.5381,167.9159
85,167.4783,-107.6654,Nan,-46.4760,1.3097,-70.7396,173.4957
86,175.3270,-107.1146,Nan,-56.6443,-26.0881,-65.0006,-177.4694
87,151.3687,-89.7034,Nan,-40.0789,-19.6248,-55.5916,168.4039
88,169.7044,-101.0939,Nan,-43.0197,-18.9188,-57.1085,177.5878
89,164.0667,-106.9745,Nan,-49.4590,1.3468,-50.2440,161.5904
90,154.1312,-95.7331,Nan,-48.7715,-20.5379,-79.1385,-178.9294
91,-173.6354,-115.8946,Nan,-45.8082,21.8733,-55.7332,173.0875
92,156.6860,-121.1186,Nan,-38.3318,-34.9045,-42.5729,169.3179
93,175.5904,-115.7699,Nan,-41.6353,-8.4818,-75.8012,166.0347
94,-178.5101,-115.3307,Nan,-60.0733,-11.5739,-65.0671,168.7555
95,149.0721,-99.8713,Nan,-30.4976,-5.1099,155.9382,-176.9087
96,176.4106,-94.7874,Nan,-48.7682,-8.9283,151.4798,-169.3203
97,158.5148,-99.9476,Nan,-29.0615,13.1896,-165.6839,-179.9973
98,166.7126,-112.3365,Nan,-42.8829,-2.9364,175.0611,176.3793
99,-173.9754,-108.3119,Nan,-57.4418,-26.4266,-177.3344,153.5613
100,146.9638,-99.7844,Nan,-49.7798,-22.9726,-164.7539,166.7258
ref,171.5342,-163.8060,Nan,-20.8938,101.8635,177.7502,176.7231
