Frame,GLN2_phi,ILE3_phi,THR4_phi,LEU5_phi,TRP6_phi,GLN7_phi,ARG8_phi
1,-74.0134,-140.6832,-75.8868,-110.8181,-47.1883,-66.1171,-69.7432
2,-65.8762,-102.9373,-63.8023,-83.3074,-63.9484,-105.5114,-78.5410
3,-63.1153,-133.8456,-109.7206,-105.7121,-70.9316,-122.9717,-66.9329
4,-62.0699,-142.4314,-73.1158,-102.9572,-61.0961,-103.9630,-81.1681
5,-70.9688,-119.8779,-68.7538,-85.6124,-60.5934,-134.6751,-64.6422
6,-95.2004,-141.5283,-39.4572,-100.0318,-44.6027,-139.6899,-49.3468
7,-65.0012,-143.9128,-70.4722,-122.2719,-68.6422,-128.9926,-55.3131
8,-67.2048,-131.1630,-82.8252,-109.4704,-57.3336,-120.7856,-79.9410
9,-109.4738,-139.5200,-65.7932,-110.8290,-59.0766,-77.3000,-68.0253
10,-126.5312,-129.1081,-92.3799,-95.5881,-49.7239,-138.2068,-59.9358
11,-89.5215,-119.5250,-66.6277,-111.1953,-49.3531,-107.8705,-51.3148
12,-71.1518,-126.4926,-80.1685,-115.2962,-58.4911,-109.1422,-58.8357
13,-121.9531,-122.8923,-85.0883,-107.9706,-86.6197,-83.0166,-76.6574
14,-79.8367,-127.7409,-100.8785,-109.9568,-61.9815,-128.6331,-52.4747
15,-79.6207,-128.1360,-67.3974,-110.2858,-60.5547,-127.0756,-48.2373
16,-71.6472,-135.9998,-95.2757,-111.9913,-74.0881,-115.5330,-64.1915
17,-126.6684,-149.5729,-62.3023,-96.3694,-70.6746,-132.6289,-54.6072
18,-72.4092,-130.6705,-61.4941,-108.0260,-61.9048,-144.2126,-48.7023
19,-75.1953,-149.0286,-76.9073,-107.3942,-51.8598,-115.4082,-69.0473
20,-111.6724,-131.0520,-62.5187,-100.3585,-59.9403,-126.3176,-47.4033
21,-89.8924,-105.9853,-62.8407,-115.5186,-68.2519,-105.4968,-54.9424
22,-67.8460,-138.0681,-74.6272,-98.8848,-57.9758,-119.4184,-60.5040
23,-85.9454,-89.5378,-87.2990,-94.9340,-63.3654,-115.3146,-53.9935
24,-89.1748,-84.7558,-74.6090,-112.9969,-63.5488,-105.6742,-63.3116
25,-73.0235,-130.5363,-82.2928,-96.4350,-57.3441,-108.9221,-59.6432
26,-76.6671,-151.4545,-62.3880,-103.9359,-52.9682,-135.6527,-61.6027
27,-119.5428,-111.8487,-65.9134,-96.9677,-77.2195,-121.3882,-66.4954
28,-83.3279,-129.2484,-73.1436,-115.6324,-51.1237,-121.1179,-58.3414
29,-133.0978,-82.8007,-77.6090,-100.8039,-66.0621,-129.4766,-61.9016
30,-143.5248,-138.0852,-73.9853,-99.5772,-53.6561,-119.9545,-47.1631
31,-129.4216,-132.4647,-63.4295,-97.4311,-39.7047,-127.1083,-51.3834
32,-104.8612,-118.2113,-64.9048,-101.4234,-57.6781,-118.8619,-48.9245
33,-127.1999,-137.0856,-90.5501,-105.7386,-70.5855,-125.9890,-71.7544
34,-98.6272,-146.2486,-85.4764,-92.7870,-69.9914,-129.4315,-51.7210
35,-98.4299,-133.4228,-74.8642,-96.6157,-62.8905,-127.6512,-67.2980
36,-92.5787,-138.9193,-77.3945,-94.2764,-49.1320,-119.5821,-46.4170
37,-146.6011,-132.2355,-79.1121,-91.5013,-45.0106,-121.9022,-55.5902
38,-125.1463,-136.6249,-84.4697,-113.6251,-46.5345,-129.9762,-66.1955
39,-178.2007,-133.6634,-76.3597,-96.6378,-63.0982,-115.0500,-58.5046
40,-139.9839,-132.7910,-54.6422,-71.9507,-41.1928,-130.8566,-59.4442
41,-155.2652,-87.5331,-93.7317,-92.6547,-49.2121,-116.9204,-63.7285
42,-147.4899,-128.7763,-66.4407,-87.8265,-54.1400,-123.7526,-75.1492
43,-134.7694,-93.7613,-62.8353,-109.3663,-68.6377,-122.0625,-71.9858
44,-115.2746,-90.4832,-62.3892,-92.4202,-61.4141,-124.6022,-51.3728
45,-94.6256,-68.7421,-79.1985,-116.3673,-51.3483,-132.9822,-66.7316
46,-112.5643,-79.7012,-95.7627,-109.4627,-57.6400,-132.9634,-64.7371
47,-100.7293,-82.8662,-73.6938,-119.4794,-51.4593,-79.2452,-49.6196
48,-109.0692,-70.3849,-68.5721,-113.9188,-45.9572,-132.2325,-53.2215
49,-132.1010,-89.9972,-65.3134,-84.6740,-46.6043,-87.0347,-52.1055
50,-144.0758,-94.2925,-64.0002,-104.0310,-57.2235,-124.9423,-61.5546
51,-119.1699,-106.9101,-76.3234,-98.3521,-60.2106,-121.4571,-71.5994
52,-141.1395,-114.7063,-66.6520,-100.7938,-57.5049,-99.0171,-59.4785
53,-159.0803,-130.5992,-72.6584,-111.6390,-42.7289,-119.7556,-60.0218
54,-79.9092,-138.8145,-79.8121,-125.4282,-67.3494,-136.5695,-61.5128
55,-91.7471,-146.3945,-99.9363,-85.2293,-62.6884,-100.2890,-57.5577
56,-86.3257,-126.6964,-75.1933,-105.1430,-55.5875,-79.4358,-59.7531
57,-94.4900,-111.3262,-62.7356,-102.6210,-54.5479,-110.1484,-77.1756
58,-97.0733,-144.0928,-101.0617,-108.6996,-51.3384,-101.9875,-53.7720
59,-125.6335,-137.3685,-76.5683,-117.5023,-61.3946,-112.0846,-58.0585
60,-72.6434,-137.6581,-72.1317,-98.8868,-53.0849,-133.4158,-69.3283
61,-70.5801,-128.5358,-75.6966,-93.2743,-60.9591,-131.0307,-52.7797
62,-88.5473,-72.2887,-73.5711,-104.1014,-54.9598,-126.3975,-73.1668
63,-97.2784,-91.6536,-81.5549,-114.4644,-49.5189,-110.0454,-58.7746
64,-107.7279,-83.2392,-103.6746,-114.5873,-49.9432,-126.2036,-58.8362
65,-124.7638,-92.6793,-71.8404,-110.5328,-69.3477,-129.9436,-60.3531
66,-81.1855,-140.5251,-90.5892,-112.4490,-59.9801,-139.4940,-65.7897
67,-134.5720,-87.9494,-66.6727,-98.2592,-68.3357,-117.9867,-44.3903
68,-137.7784,-77.0958,-67.6772,-103.1023,-56.4544,-104.9491,-74.5029
69,-158.7283,-94.5652,-64.3571,-101.5336,-56.8232,-111.9880,-48.4953
70,-154.2108,-132.4486,-70.7278,-106.1848,-64.4525,-119.5114,-64.6726
71,-148.9919,-107.1875,-78.5309,-98.9698,-57.7633,-79.9230,-52.8600
72,-151.9386,-91.6758,-99.7009,-95.1499,-55.6175,-89.6956,-57.5745
73,-117.5557,-116.5609,-71.9014,-110.2323,-64.7592,-114.9330,-66.7827
74,-124.5996,-127.5913,-67.7054,-84.8761,-58.5888,-92.4449,-63.5753
75,-160.7542,-139.7829,-68.8897,-97.2596,-57.5441,-99.5012,-73.6454
76,-150.8637,-110.7703,-60.9064,-101.9443,-56.3087,-117.6350,-66.8764
77,-134.8446,-120.4133,-86.4533,-106.2836,-53.9214,-109.4944,-58.8135
78,-116.1186,-114.0057,-61.2928,-114.0420,-52.1006,-127.0304,-56.8466
79,-90.7752,-128.2076,-78.2524,-112.5586,-66.5042,-139.0044,-39.3438
80,-76.6853,-143.2632,-74.1348,-102.8985,-62.2462,-123.7527,-63.0821
81,-114.6104,-120.1282,-75.8287,-92.0814,-70.4832,-119.5197,-57.9557
82,-123.6353,-117.4876,-58.7377,-83.0750,-58.2752,-120.6878,-68.2662
83,-119.9918,-118.1035,-55.4377,-104.7582,-64.5195,-102.1564,-47.9485
84,-142.1097,-129.5717,-51.5121,-107.2331,-67.0906,-111.5587,-52.4099
85,-127.2973,-133.2670,-62.6838,-93.0448,-76.1210,-78.3714,-61.7230
86,-132.0249,-129.6628,-66.0244,-114.1837,-59.0394,-120.9464,-65.1567
87,-75.0192,-135.3762,-76.8129,-103.2861,-48.6672,-84.6871,-51.7584
88,-92.0930,-120.0744,-64.2754,-100.2614,-81.4714,-88.7722,-79.3557
89,-110.2920,-125.0257,-60.9099,-83.7871,-60.2491,-83.5536,-69.3194
90,-166.9300,-106.3686,-59.8424,-113.2872,-64.5579,-114.8660,-62.2242
91,-153.5704,-125.3758,-75.6771,-111.7615,-68.9776,-113.0611,-52.9838
92,-146.4853,-94.6885,-60.4545,-105.3603,-59.2295,-106.5850,-58.9950
93,-142.2470,-145.7524,-71.2618,-101.8376,-63.0657,-128.8698,-52.5729
94,-150.8533,-135.4314,-64.3706,-105.7000,-55.7140,-76.8529,-61.5413
95,-116.7137,-134.5687,-106.8132,-101.1137,-49.9088,-115.8293,-75.7663
96,-151.8970,-120.4316,-77.2372,-104.4630,-64.9722,-119.9630,-71.6348
97,-135.3210,-119.6922,-80.3813,-103.9028,-48.0276,-112.5159,-80.4953
98,-130.0751,-132.0055,-70.4147,-111.2641,-65.4347,-108.2200,-70.0352
99,-104.2767,-127.5861,-63.6543,-86.8037,-62.2439,-66.0298,-57.4090
100,-103.9879,-90.6545,-76.4288,-95.9563,-47.8405,-105.5985,-44.0534
ref,-121.1051,-117.1250,-101.4327,-106.6926,-67.2861,-127.7982,-41.3903
