Frame,GLN2_psi,ILE3_psi,THR4_psi,LEU5_psi,TRP6_psi,GLN7_psi,ARG8_psi
1,135.3962,119.6288,170.0186,9.5870,-68.2643,159.0423,134.3199
2,115.6613,100.9013,147.7522,18.5585,-28.0544,-178.5610,117.7601
3,134.3680,133.6267,173.6016,14.5379,-21.4069,172.7582,134.2208
4,141.7986,109.4958,171.2274,7.6585,-39.9254,-169.7313,129.8583
5,123.4407,106.0712,167.2514,16.7817,-31.0070,163.5085,131.2424
6,136.7179,99.1114,155.4251,-1.0817,-44.1270,133.3522,133.8828
7,146.2162,101.8683,173.2066,27.4988,-35.3654,158.2310,164.6823
8,139.5728,108.9971,165.1560,14.7207,-30.7773,-169.5229,144.5547
9,136.0193,108.1701,176.3859,12.7086,-63.0342,172.1316,137.6303
10,136.1414,123.8424,160.2532,9.3585,-30.7047,173.2717,124.1362
11,114.4667,108.6389,173.7382,0.9055,-48.3083,161.3158,131.2603
12,115.1862,120.1431,173.2545,5.8573,-35.6883,167.5289,140.5066
13,115.1364,128.9713,168.1886,25.1463,-46.1249,177.2917,138.1075
14,141.1058,136.9154,175.5722,18.5627,-31.9418,165.4253,132.7473
15,143.4763,106.0220,162.3070,19.7442,-22.8618,170.1767,152.5516
16,130.6462,132.4545,169.2060,2.4918,-25.3857,177.0547,144.9708
17,144.7393,113.2163,153.9650,9.7155,-11.1339,-178.0822,132.9647
18,129.9034,112.2374,165.1684,24.0620,-18.4810,161.4935,129.0752
19,149.7607,124.4131,166.1804,14.0108,-44.8427,168.3590,140.0591
20,127.9100,106.6345,163.4165,1.2283,-28.7492,165.1715,135.0855
21,113.9044,104.2288,161.1850,18.1400,-39.3841,154.6315,141.8450
22,152.7377,109.5348,159.9580,13.2557,-38.8639,171.5560,154.7435
23,109.4055,131.5455,154.3743,9.5407,-37.5941,158.3399,147.4491
24,92.6665,106.6054,175.0530,2.9557,-35.8991,159.5498,140.8994
25,132.3178,126.8463,166.7091,-1.5010,-37.3898,167.4625,140.3530
26,143.5407,102.8828,169.8822,15.5615,-30.8028,172.6668,137.3020
27,106.7388,104.5236,153.4472,21.3802,-28.5876,173.5419,131.9439
28,130.4600,113.1567,-178.0055,17.1432,-36.9942,161.1021,147.9724
29,72.9442,114.6199,163.3832,9.4940,-22.6518,164.0479,136.8370
30,139.4269,113.8540,157.5797,7.3249,-36.6085,149.6331,133.1427
31,130.7983,110.7629,161.5120,11.6725,-41.2030,163.3061,125.0344
32,124.3229,94.2842,161.8142,21.5455,-36.8000,178.1498,140.1611
33,133.4110,125.9443,163.8805,17.3181,-29.1176,177.8096,159.7716
34,144.5170,118.2899,160.4105,20.1409,-27.0839,161.4334,121.8160
35,129.1835,114.4208,156.6965,24.5784,-23.5802,170.7873,126.2560
36,139.9474,117.7214,172.7863,3.7569,-38.8845,175.9568,127.7504
37,125.1424,122.2468,152.3421,6.7048,-42.4610,166.7190,137.1999
38,138.4558,131.1066,169.7354,13.0749,-32.6315,170.9642,142.8596
39,121.9135,125.0999,166.1255,11.4489,-27.9204,157.1367,124.4557
40,135.4300,105.1928,149.5650,-2.0331,-37.7519,-179.9398,132.7160
41,88.2415,130.1408,157.8327,-1.0885,-44.8409,167.2816,139.8817
42,116.2170,115.1403,166.9986,2.3189,-30.5172,-173.9792,130.9494
43,81.7800,109.8064,157.7120,11.0915,-25.3543,176.4354,131.1514
44,96.6730,106.6899,149.4793,11.0899,-29.2295,142.4750,135.7800
45,61.4505,127.3522,164.4712,22.5817,-34.7791,174.7607,134.2646
46,78.8414,139.2969,173.2159,8.6458,-28.4908,167.8423,142.9056
47,65.4390,124.9759,177.9509,4.6465,-58.6633,156.4741,144.8481
48,79.3763,112.3718,168.3964,11.8246,-37.0643,156.2470,127.5890
49,95.4864,107.5892,158.1491,1.8360,-64.2232,168.2203,138.4696
50,78.2510,122.1828,155.1416,18.7734,-33.5380,-174.4878,140.9371
51,111.5152,121.5502,171.0850,1.6235,-22.7551,176.6394,130.4325
52,107.4075,110.5161,163.9604,8.6661,-35.3580,171.8232,137.1183
53,125.8258,113.2982,170.3327,11.2150,-48.8046,172.3978,136.9147
54,131.5656,116.7194,179.6960,17.4259,-6.8165,152.4381,140.5376
55,144.3792,125.7082,138.8582,17.3573,-36.1822,157.5790,133.4140
56,125.0479,110.4921,169.3398,9.3068,-60.2256,179.5140,144.6954
57,121.0742,87.7296,153.9918,17.3683,-31.1409,175.9861,138.9867
58,159.1778,129.6884,165.4608,7.0268,-48.0904,166.8192,137.1270
59,116.4108,118.1638,176.5047,12.2602,-33.9430,158.6573,144.3226
60,134.1558,126.1848,160.7948,8.8616,-29.5221,176.9913,131.5370
61,140.7668,117.2960,144.2110,8.2453,-30.9010,148.9978,144.8792
62,89.7101,119.8802,152.5610,6.0200,-30.9161,176.8761,141.8260
63,110.4432,129.7406,173.1320,-0.6409,-34.3019,165.2331,144.3191
64,93.0130,136.8840,171.8134,1.5733,-30.4103,160.0117,124.9749
65,109.4145,111.0847,171.7477,28.4615,-28.7405,159.4447,130.6244
66,139.1696,129.5120,-175.3800,3.7510,-20.4595,170.9334,120.2990
67,89.6939,113.9897,158.2904,4.9954,-18.9324,157.8401,135.4695
68,69.3003,117.2741,159.8933,18.5998,-44.0737,-174.0710,134.6817
69,95.2554,119.7269,158.5164,4.0601,-42.1187,163.5425,134.6860
70,127.6650,121.0622,174.6737,10.6932,-33.1619,178.1815,132.7918
71,106.1766,119.7175,164.0011,7.8672,-54.8611,155.0432,134.7079
72,81.9152,132.2650,148.8398,7.8407,-51.3412,156.6799,125.6122
73,124.4505,111.5550,166.6055,13.3901,-43.7034,161.4376,119.2583
74,129.7851,106.6849,152.9167,5.7139,-55.5364,163.5714,139.0646
75,138.7664,127.7519,149.8401,5.2518,-45.0480,166.6530,121.8852
76,109.6498,106.5828,167.5975,12.3722,-49.2089,162.2956,132.2502
77,115.0105,120.0035,167.8059,-4.9859,-44.1521,160.9334,125.9418
78,120.8758,109.5364,164.3227,4.7206,-25.0581,161.3424,126.0603
79,134.7680,119.9225,160.3187,23.3284,-28.7219,147.1841,121.2234
80,139.5041,119.6098,168.9954,14.4749,-32.2755,168.2589,131.6717
81,128.0244,114.4720,154.2535,13.8519,-27.5172,163.2134,124.9368
82,119.0135,108.3235,148.2045,-7.2873,-33.8367,165.2593,125.9319
83,111.4327,111.2147,157.7329,12.7730,-45.3384,156.7536,125.8505
84,118.0079,103.4101,165.3681,1.0492,-28.3712,163.9741,137.3386
85,127.7513,116.8418,147.4906,13.1583,-46.4267,165.8907,137.5104
86,133.6693,113.2388,174.0331,11.0778,-33.5627,155.2019,128.4073
87,131.9418,109.2435,163.3497,11.7995,-59.1429,154.9683,140.1249
88,124.6635,104.7271,155.7133,38.1473,-41.0245,167.5866,132.9015
89,129.2975,113.9282,140.5853,3.2600,-49.9372,163.3410,128.3770
90,94.7216,104.8569,169.5023,12.9228,-37.4408,157.2777,133.9486
91,130.8836,123.3172,168.1218,8.7900,-36.9442,137.4173,140.9860
92,103.7768,114.4044,163.9505,5.5466,-39.7210,162.7160,120.5318
93,143.8635,117.4289,168.1486,6.5390,-19.3053,152.1392,108.1200
94,142.4549,107.4395,153.7827,3.7036,-54.6386,153.9137,126.5201
95,143.5041,144.2461,169.5233,6.4979,-44.5821,-175.1491,125.0564
96,129.7298,122.7508,165.7638,16.5268,-31.4575,164.2701,122.3733
97,125.1704,132.0365,162.4449,4.3543,-40.7978,-178.1093,125.7492
98,116.3624,121.8144,179.5779,22.3511,-45.1786,154.8780,133.2641
99,131.4393,106.6301,152.0791,3.8510,-77.6244,161.6688,141.1849
100,91.8226,108.7581,159.4118,2.9985,-48.6381,143.7758,138.5989
ref,122.7611,135.9961,162.0514,30.5841,-26.3662,153.1391,125.4638
