,res#,resname,phi,psi,chi1,chi2,chi3,chi4,chi5
1,1,PRO,,171.86581105691624,31.385280634831663,-40.26668429233074,34.42984748268159,,
2,2,GLN,-109.39091795501868,122.69197944683405,174.62499146536226,165.79247506037916,101.57768068986736,,
3,3,ILE,-109.77686700853012,119.52602444639986,-55.51827438367024,-174.9093844611171,,,
4,4,THR,-80.29323303239633,162.5574514508515,56.38531939703735,,,,
5,5,LEU,-108.67086284092875,25.96237423441948,-62.83981711054473,169.19717444863616,,,
6,6,TRP,-62.89016883407446,-31.866156110963104,-61.278758581940494,109.15683101730288,,,
7,7,LYS,-139.67307544216385,172.64247461384684,-65.7982952400506,-178.55149299208836,179.1530490721839,-179.54808555754508,
8,8,ARG,-52.379179471788404,124.66030945856657,-66.15649892826764,175.76193316001275,-173.50964230095374,155.6683461952417,0.220927979246971
9,9,PRO,-73.23549661245966,74.92941515407192,30.691288159553523,-43.400799581338596,38.62062950213983,,
