,res#,resname,phi,psi,chi1,chi2,chi3,chi4,chi5
1,1,PRO,,160.24051572256892,-26.603722288439133,36.733895454051144,-36.334045143309716,,
2,2,GLN,-98.70254388478972,119.99847617584302,-172.90407843383767,-172.2089781833035,82.64087453706905,,
3,3,ILE,-106.62867234150377,121.96308260033699,-56.661007735178295,169.16537927628775,,,
4,4,THR,-94.96269779837826,155.47193615975092,62.24730345421716,,,,
5,5,LEU,-105.92767348925896,27.792209395096517,-60.62466880872294,158.0476732792423,,,
6,6,TRP,-63.64798806096557,-24.92425587883642,-60.67363140334942,96.44088001874523,,,
7,7,GLN,-129.34795453684106,155.35156750890468,-81.53729502881929,157.51514743062407,-49.96427645415091,,
8,8,ARG,-48.807039618408346,131.53186630430167,-68.57345653314928,-162.86922381347617,-134.43409743683802,-149.99734791926986,0.2970109821659432
9,9,PRO,-71.94649821208728,77.47286390667414,32.626525550704606,-44.48140430843642,39.44748643071753,,
