,res#,resname,phi,psi,chi1,chi2,chi3,chi4,chi5
1,1,PRO,,146.54527061445603,36.00892178202147,-36.594337482410594,22.921128547953813,,
2,2,GLN,-111.92943738005224,112.23517148228167,158.03550082841556,171.58394188429568,-67.16296580583355,,
3,3,ILE,-98.30436867442688,131.39854002426864,-48.599906798263525,-100.33650442198307,,,
4,4,THR,-96.77721333392188,160.75121653309398,58.54617226733095,,,,
5,5,LEU,-105.95578542108686,21.534893940172992,-51.93105842795111,170.89250721443344,,,
6,6,TRP,-73.85062419519654,-16.901184485768873,-55.68499727464873,86.26256923596411,,,
7,7,LYS,-132.15228232497736,158.5489939966814,-17.26895301931059,-167.2221574942122,63.942860534238,-158.44533024808393,
8,8,ARG,-61.854870761451316,122.23300918144913,-80.15595950883487,164.02257881160207,95.08772277490719,129.9462229138734,-0.6850633283250046
9,9,PRO,-57.809689722105176,66.92811913431193,15.010150857695795,-36.89807989561366,43.166061256088334,,
