,res#,resname,phi,psi,chi1,chi2,chi3,chi4,chi5
1,1,PRO,,169.03720268611644,-28.157432874001223,35.084421702881414,-29.60094267159059,,
2,2,GLN,-126.1100975091214,130.49827004629083,177.3007060767911,-178.16802467668236,93.89836762424639,,
3,3,ILE,-123.88834094635462,139.25339487525594,-53.53149918462885,-146.73578515872327,,,
4,4,THR,-103.90209061232966,165.48404471069367,49.802422797229895,,,,
5,5,LEU,-112.68773725470881,31.3754874237941,-49.01714935056419,159.89631248050725,,,
6,6,TRP,-70.09269696776236,-26.530910503834964,-64.18086393985986,103.34657622549199,,,
7,7,GLN,-134.8775793394887,158.12529864457858,42.78107820391626,-104.62593480428957,-25.729138162694078,,
8,8,ARG,-49.8357638686836,128.0994092197827,-68.79742765934938,-139.0440015968067,-172.67561188379065,85.46103314556294,0.8465317461427134
9,9,PRO,-75.4745852886762,64.501601975885,26.75357065099847,-41.385092203684046,39.07511709985333,,
