,res#,resname,phi,psi,chi1,chi2,chi3,chi4,chi5
1,1,PRO,,162.94406132493168,31.661740875364185,-44.89795602908706,45.20676066419066,,
2,2,GLN,-91.64491053108198,133.12695096750463,-154.957955069535,176.12027561779658,-48.36472039049624,,
3,3,ILE,-110.81751642874983,124.40871361249349,-69.66401864313416,-162.9999362739509,,,
4,4,THR,-93.330674959213,164.573516164836,79.28436070244933,,,,
5,5,LEU,-108.46514908523804,30.113393344755814,-91.49410777605425,-28.1741384088242,,,
6,6,TRP,-71.94260029024285,-22.05902489985145,-64.32505612624144,95.99641356461184,,,
7,7,GLN,-121.66102593666012,168.2047409957937,-72.91569968312746,-66.40058668843278,-111.09361401508112,,
8,8,ARG,-62.464009601577764,134.33562280646865,-77.44377753930024,-171.9356237861281,-169.02788368599386,-172.00866176535902,-0.59675411207343
9,9,PRO,-80.11250967589804,87.56058065470208,39.833643472168745,-29.76021705520112,6.63185725192286,,
