,res#,resname,phi,psi,chi1,chi2,chi3,chi4,chi5
1,1,PRO,,165.04513372440064,21.34532009355025,-38.56482728174924,43.80981638218292,,
2,2,GLN,-94.67432644072818,125.89014237160573,176.05994617523646,-166.81752384113935,-115.65135284701442,,
3,3,ILE,-116.63669384653289,118.43147251326273,-63.51789994960966,-144.95281928279425,,,
4,4,THR,-81.85071974207428,169.19178662589513,50.51077793418544,,,,
5,5,LEU,-115.01582097671093,21.31541517082026,-62.065290073556554,168.93122394664093,,,
6,6,TRP,-64.79152256567012,-34.085558204671436,-67.23352131772795,106.08196046010116,,,
7,7,GLN,-114.01791499157292,157.21453860078265,-75.85518942332797,64.37860115093592,-132.64879833823994,,
8,8,ARG,-53.43947228059744,130.85524350390247,-85.24949950195153,160.06159005516633,83.59597031934892,72.35637565087954,-5.5074489254159085
9,9,PRO,-74.773254985022,77.19100497575074,30.422871469567127,-34.3526531818459,24.633339095465022,,
