,res#,resname,phi,psi,chi1,chi2,chi3,chi4,chi5
1,1,PRO,,-172.67514117803097,24.63083132526929,-42.73654782608412,46.69940271868298,,
2,2,GLN,-121.10506215559639,122.76106319549251,177.80664914231681,171.53422110355277,-85.35332401984019,,
3,3,ILE,-117.1250297016942,135.9961411959616,-63.700211318160974,-163.806016145157,,,
4,4,THR,-101.43269825973717,162.051446177619,59.16613363705626,,,,
5,5,LEU,-106.69264353084394,30.58410189703054,-68.45695847804726,-20.893756086188663,,,
6,6,TRP,-67.28605270822646,-26.366200822975326,-71.92664417857497,101.86346466621713,,,
7,7,GLN,-127.7981815579419,153.1391189826167,-77.13059180714771,177.75016188715597,-79.92733849465043,,
8,8,ARG,-41.39025274525763,125.46380278590374,-73.02113727131851,176.72314616693657,160.13712279193808,70.29970176694039,-8.011464389181086
9,9,PRO,-77.64035827188587,66.72878180464978,41.827021577946134,-44.41163329385766,30.02305866241193,,
