,res#,resname,phi,psi,chi1,chi2,chi3,chi4,chi5
1,1,PRO,,165.88513919493053,28.432814430482882,-30.996881041117987,20.604910611380866,,
2,2,GLN,-109.88102236095379,116.4499654709002,178.07958310357094,170.70662952452355,84.49016653764565,,
3,3,ILE,-109.87972889258016,125.3823951478698,-58.99413939888671,-109.15010395869028,,,
4,4,THR,-71.87322243535046,157.19553769430135,-175.01153988112682,,,,
5,5,LEU,-111.41454636612167,14.417026327387651,-65.24739745527863,175.48014756907236,,,
6,6,TRP,-61.770277688645216,-30.74119269845556,-76.11350422730247,105.13034339802444,,,
7,7,GLN,-122.87943280993261,165.29672758577615,-61.288091963823945,78.39021363447263,34.04106461259113,,
8,8,ARG,-58.863509039272024,134.18322264517496,-65.76308806506202,-177.26994473058514,162.4941365939023,-165.1763255868707,-0.3086186706784711
9,9,PRO,-78.66691474542148,79.65533369818439,30.702990127157307,-36.6482940020705,27.51532789970172,,
